1.5125
1.5375
1.5625
1.5875
1.6125
1.6375
1.6625
1.6875
1.7125
1.7375
1.7625
1.7875
1.8125
1.8375
1.8625
1.8875
1.9125
1.9375
1.9625
1.9875
2.0125
2.0375
2.0625
2.0875
2.1125
2.1375
2.1625
2.1875
2.2125
2.2375
2.2625
2.2875
2.3125
2.3375
2.3625
2.3875
2.4125
2.4375
2.4625
2.4875
2.5125
2.5375
2.5625
2.5875
2.6125
2.6375
2.6625
2.6875
2.7125
2.7375
2.7625
2.7875
2.8125
2.8375
2.8625
2.8875
2.9125
2.9375
2.9625
2.9875
3.0125
3.0375
3.0625
3.0875
3.1125
3.1375
3.1625
3.1875
3.2125
3.2375
3.2625
3.2875
3.3125
3.3375
3.3625
3.3875
3.4125
3.4375
3.4625
3.4875
3.5125
3.5375
3.5625
3.5875
3.6125
3.6375
3.6625
3.6875
3.7125
3.7375
3.7625
3.7875
3.8125
3.8375
3.8625
3.8875
3.9125
3.9375
3.9625
3.9875
